CTDLGT
22-23
1
1
*
011 -1 -1
017 -1 -1
04 -1 -1
010 -1 -1
029 -1 -1
018 -1 -1
*
CTDLGT
22-23
1
2
*
022 -1 -1
014 -1 -1
05 -1 -1
01 -1 -1
027 -1 -1
025 -1 -1
02 -1 -1
*
CTDLGT
22-23
1
3
*
06 -1 -1
021 -1 -1
024 -1 -1
03 -1 -1
026 -1 -1
*
TTHCM
21-22
1
1
*
011 -1 -1
017 -1 -1
04 -1 -1
010 -1 -1
029 -1 -1
018 -1 -1
022 -1 -1
014 -1 -1
05 -1 -1
*
TTHCM
21-22
1
2
*
05 -1 -1
01 -1 -1
027 -1 -1
025 -1 -1
02 -1 -1
06 -1 -1
021 -1 -1
024 -1 -1
*
TTHCM
21-22
1
3
*
03 -1 -1
026 -1 -1
08 -1 -1
09 -1 -1
019 -1 -1
023 -1 -1
028 -1 -1
016 -1 -1
020 -1 -1
*
KTLT
22-23
2
1
*
011 -1 -1
017 -1 -1
04 -1 -1
010 -1 -1
029 -1 -1
018 -1 -1
022 -1 -1
014 -1 -1
05 -1 -1
01 -1 -1
027 -1 -1
025 -1 -1
02 -1 -1
*
KTLT
22-23
2
2
*
06 -1 -1
021 -1 -1
024 -1 -1
03 -1 -1
026 -1 -1
08 -1 -1
09 -1 -1
019 -1 -1
023 -1 -1
028 -1 -1
016 -1 -1
020 -1 -1
*
LSD
22-23
1
1
*
011 -1 -1
017 -1 -1
04 -1 -1
010 -1 -1
029 -1 -1
018 -1 -1
022 -1 -1
014 -1 -1
*
LSD
22-23
1
2
*
05 -1 -1
01 -1 -1
027 -1 -1
025 -1 -1
02 -1 -1
06 -1 -1
021 -1 -1
024 -1 -1
03 -1 -1
026 -1 -1
08 -1 -1
* 
LSD
22-23
1
3
*
09 -1 -1
019 -1 -1
023 -1 -1
028 -1 -1
016 -1 -1
020 -1 -1
012 -1 -1
015 -1 -1
013 -1 -1
00 -1 -1
*
TTHCM
21-22
1
1
*
011 -1 -1
017 -1 -1
*
TTHCM
21-22
1
2
*
04 -1 -1
010 -1 -1
029 -1 -1
*
CTDLGT
21-22
2
1
*
011 -1 -1
017 -1 -1
04 -1 -1
010 -1 -1
029 -1 -1
*
CTDLGT
21-22
2
2
*
018 -1 -1
022 -1 -1
014 -1 -1
05 -1 -1
01 -1 -1
*
CTDLGT
21-22
2
3
*
027 -1 -1
025 -1 -1
02 -1 -1
06 -1 -1
021 -1 -1
*
LSD
21-22
2
1
*
011 -1 -1
017 -1 -1
04 -1 -1
010 -1 -1
029 -1 -1
018 -1 -1
*
LSD
21-22
2
2
*
022 -1 -1
014 -1 -1
05 -1 -1
01 -1 -1
027 -1 -1
025 -1 -1
02 -1 -1
*
LSD
21-22
2
3
*
06 -1 -1
021 -1 -1
024 -1 -1
03 -1 -1
026 -1 -1
*
SXTK
22-23
2
1
*
011 -1 -1
017 -1 -1
04 -1 -1
010 -1 -1
029 -1 -1
018 -1 -1
022 -1 -1
014 -1 -1
05 -1 -1
01 -1 -1
*
SXTK
22-23
2
2
*
027 -1 -1
025 -1 -1
02 -1 -1
06 -1 -1
021 -1 -1
024 -1 -1
03 -1 -1
026 -1 -1
08 -1 -1
*
SXTK
22-23
2
3
*
09 -1 -1
019 -1 -1
023 -1 -1
028 -1 -1
016 -1 -1
020 -1 -1
012 -1 -1
015 -1 -1
*
GTH
22-23
1
1
*
02 -1 -1
03 -1 -1
*
GTH
22-23
1
2
*
011 -1 -1
017 -1 -1
04 -1 -1
010 -1 -1
*
GTH
22-23
1
3
*
029 -1 -1
018 -1 -1
022 -1 -1
014 -1 -1
05 -1 -1
01 -1 -1
*
TTHCM
22-23
2
1
*
011 -1 -1
017 -1 -1
04 -1 -1
010 -1 -1
*
TTHCM
22-23
2
2
*
029 -1 -1
018 -1 -1
022 -1 -1
014 -1 -1
*
TTHCM
22-23
2
3
*
*
SXTK
21-22
1
1
*
011 -1 -1
017 -1 -1
04 -1 -1
010 -1 -1
029 -1 -1
*
SXTK
21-22
1
2
*
018 -1 -1
022 -1 -1
014 -1 -1
05 -1 -1
01 -1 -1
027 -1 -1
025 -1 -1
02 -1 -1
06 -1 -1
021 -1 -1
*
SXTK
21-22
1
3
*
024 -1 -1
03 -1 -1
026 -1 -1
08 -1 -1
09 -1 -1
019 -1 -1
023 -1 -1
028 -1 -1
016 -1 -1
020 -1 -1
012 -1 -1
015 -1 -1
013 -1 -1
00 -1 -1
*
KTLT
22-23
2
1
*
011 -1 -1
017 -1 -1
04 -1 -1
010 -1 -1
029 -1 -1
018 -1 -1
*
KTLT
22-23
2
2
*
022 -1 -1
014 -1 -1
05 -1 -1
01 -1 -1
027 -1 -1
025 -1 -1
02 -1 -1
06 -1 -1
*
KTLT
22-23
2
3
*
021 -1 -1
024 -1 -1
03 -1 -1
026 -1 -1
08 -1 -1
*
GTH
22-23
1
1
*
011 -1 -1
017 -1 -1
04 -1 -1
010 -1 -1
029 -1 -1
018 -1 -1
022 -1 -1
014 -1 -1
*
GTH
22-23
1
2
*
05 -1 -1
01 -1 -1
027 -1 -1
025 -1 -1
02 -1 -1
06 -1 -1
021 -1 -1
024 -1 -1
03 -1 -1
026 -1 -1
*
GTH
22-23
1
3
*
08 -1 -1
09 -1 -1
019 -1 -1
023 -1 -1
028 -1 -1
016 -1 -1
020 -1 -1
012 -1 -1
015 -1 -1
*
CTDLGT
21-22
1
1
*
011 -1 -1
017 -1 -1
04 -1 -1
010 -1 -1
029 -1 -1
018 -1 -1
*
CTDLGT
21-22
1
2
*
022 -1 -1
014 -1 -1
05 -1 -1
01 -1 -1
027 -1 -1
025 -1 -1
02 -1 -1
*
CTDLGT
21-22
1
3
*
06 -1 -1
021 -1 -1
024 -1 -1
03 -1 -1
026 -1 -1
08 -1 -1
*