0000000001
INT2223 48
-1
-1
0000000002
INT2223 48
-1
-1
0000000003
INT2223 48
-1
-1
0000000005
INT2223 48
-1
-1
0000000008
INT2223 48
-1
-1
0000000009
INT2223 48
-1
-1
0000000007
INT2223 48
-1
-1
0000000001
MAT2223 12
8
-1
0000000002
MAT2223 12
7
-1
0000000003
MAT2223 12
8
-1
0000000004
MAT2223 12
6
-1
0000000006
MAT2223 12
9
-1
0000000008
MAT2223 12
10
-1
0000000009
MAT2223 12
8
-1
0000000010
MAT2223 12
7.5
-1
0000000002
EQT2223 22
-1
-1
0000000004
EQT2223 22
-1
-1
0000000007
EQT2223 22
-1
-1
0000000002
TC12223 22
-1
-1
0000000001
TC12223 22
-1
-1
0000000008
TC12223 22
-1
-1
0000000005
TC12223 22
-1
-1
0000000004
TC12223 22
-1
-1
0000000009
TC12223 22
-1
-1
0000000010
TC12223 22
-1
-1
0000000009
MAT2223 50
8
10
0000000010
MAT2223 50
9
9
0000000007
MAT2223 50
7
8
0000000004
MAT2223 50
8
8
0000000003
MAT2223 50
2
2
0000000001
MAT2223 50
10
10
0000000002
MAT2223 50
8
7