CTDLGT
22-23
1
1
*
018 9 -1
029 9 -1
010 9 -1
04 9 -1
017 9 -1
011 9 -1
*
CTDLGT
22-23
1
2
*
02 9 -1
025 9 -1
027 9 -1
01 9 -1
05 9 -1
014 9 -1
022 9 -1
*
CTDLGT
22-23
1
3
*
026 9 -1
03 9 -1
024 9 -1
021 9 -1
06 9 -1
*
TTHCM
21-22
1
1
*
017 9 -1
011 9 -1
05 9 -1
014 9 -1
022 9 -1
018 9 -1
029 9 -1
010 9 -1
04 9 -1
017 9 -1
011 9 -1
*
TTHCM
21-22
1
2
*
029 9 -1
010 9 -1
04 9 -1
024 9 -1
021 9 -1
06 9 -1
02 9 -1
025 9 -1
027 9 -1
01 9 -1
05 9 -1
*
TTHCM
21-22
1
3
*
020 9 -1
016 9 -1
028 9 -1
023 9 -1
019 9 -1
09 9 -1
08 9 -1
026 9 -1
03 9 -1
*
KTLT
22-23
2
1
*
018 9 -1
029 9 -1
010 9 -1
04 9 -1
017 9 -1
011 9 -1
02 9 -1
025 9 -1
027 9 -1
01 9 -1
05 9 -1
014 9 -1
022 9 -1
018 9 -1
029 9 -1
010 9 -1
04 9 -1
017 9 -1
011 9 -1
*
KTLT
22-23
2
2
*
06 9 -1
02 9 -1
025 9 -1
027 9 -1
01 9 -1
05 9 -1
014 9 -1
022 9 -1
020 9 -1
016 9 -1
028 9 -1
023 9 -1
019 9 -1
09 9 -1
08 9 -1
026 9 -1
03 9 -1
024 9 -1
021 9 -1
06 9 -1
*
LSD
22-23
1
1
*
014 9 -1
022 9 -1
018 9 -1
029 9 -1
010 9 -1
04 9 -1
017 9 -1
011 9 -1
*
LSD
22-23
1
2
*
08 9 -1
026 9 -1
03 9 -1
024 9 -1
021 9 -1
06 9 -1
02 9 -1
025 9 -1
027 9 -1
01 9 -1
05 9 -1
*
LSD
22-23
1
3
*
00 9 -1
013 9 -1
015 9 -1
012 9 -1
020 9 -1
016 9 -1
028 9 -1
023 9 -1
019 9 -1
09 9 -1
*
TTHCM
22-23
1
1
*
*
TTHCM
22-23
1
2
*
*
CTDLGT
21-22
2
1
*
029 9 -1
010 9 -1
04 9 -1
017 9 -1
011 9 -1
*
CTDLGT
21-22
2
2
*
01 9 -1
05 9 -1
014 9 -1
022 9 -1
018 9 -1
*
CTDLGT
21-22
2
3
*
021 9 -1
06 9 -1
02 9 -1
025 9 -1
027 9 -1
*
LSD
21-22
2
1
*
018 9 -1
029 9 -1
010 9 -1
04 9 -1
017 9 -1
011 9 -1
*
LSD
21-22
2
2
*
02 9 -1
025 9 -1
027 9 -1
01 9 -1
05 9 -1
014 9 -1
022 9 -1
*
LSD
21-22
2
3
*
026 9 -1
03 9 -1
024 9 -1
021 9 -1
06 9 -1
*
SXTK
22-23
2
1
*
01 9 -1
05 9 -1
014 9 -1
022 9 -1
018 9 -1
029 9 -1
010 9 -1
04 9 -1
017 9 -1
011 9 -1
*
SXTK
22-23
2
2
*
08 9 -1
026 9 -1
03 9 -1
024 9 -1
021 9 -1
06 9 -1
02 9 -1
025 9 -1
027 9 -1
*
SXTK
22-23
2
3
*
015 9 -1
012 9 -1
020 9 -1
016 9 -1
028 9 -1
023 9 -1
019 9 -1
09 9 -1
*
GTH
22-23
1
1
*
014 9 -1
022 9 -1
018 9 -1
029 9 -1
010 9 -1
04 9 -1
017 9 -1
011 9 -1
03 9 -1
02 9 -1
*
GTH
22-23
1
2
*
026 9 -1
03 9 -1
024 9 -1
021 9 -1
06 9 -1
02 9 -1
025 9 -1
027 9 -1
01 9 -1
05 9 -1
010 9 -1
04 9 -1
017 9 -1
011 9 -1
*
GTH
22-23
1
3
*
015 9 -1
012 9 -1
020 9 -1
016 9 -1
028 9 -1
023 9 -1
019 9 -1
09 9 -1
08 9 -1
01 9 -1
05 9 -1
014 9 -1
022 9 -1
018 9 -1
029 9 -1
*
TTHCM
22-23
2
1
*
010 9 -1
04 9 -1
017 9 -1
011 9 -1
*
TTHCM
22-23
2
2
*
014 9 -1
022 9 -1
018 9 -1
029 9 -1
*
TTHCM
22-23
2
3
*
*
SXTK
21-22
1
1
*
029 9 -1
010 9 -1
04 9 -1
017 9 -1
011 9 -1
*
SXTK
21-22
1
2
*
021 9 -1
06 9 -1
02 9 -1
025 9 -1
027 9 -1
01 9 -1
05 9 -1
014 9 -1
022 9 -1
018 9 -1
*
SXTK
21-22
1
3
*
00 9 -1
013 9 -1
015 9 -1
012 9 -1
020 9 -1
016 9 -1
028 9 -1
023 9 -1
019 9 -1
09 9 -1
08 9 -1
026 9 -1
03 9 -1
024 9 -1
*
KTLT
22-23
2
1
*
*
KTLT
22-23
2
2
*
*
KTLT
22-23
2
3
*
08 9 -1
026 9 -1
03 9 -1
024 9 -1
021 9 -1
*
GTH
22-23
1
1
*
*
GTH
22-23
1
2
*
*
GTH
22-23
1
3
*
*
CTDLGT
21-22
1
1
*
018 9 -1
029 9 -1
010 9 -1
04 9 -1
017 9 -1
011 9 -1
*
CTDLGT
21-22
1
2
*
02 9 -1
025 9 -1
027 9 -1
01 9 -1
05 9 -1
014 9 -1
022 9 -1
*
CTDLGT
21-22
1
3
*
08 9 -1
026 9 -1
03 9 -1
024 9 -1
021 9 -1
06 9 -1
*
